9.879069328308105469e-01 2.435563364997506142e-04 1.903674274217337370e-05
3.118205070495605469e-01 1.609028666280210018e-03 1.021424250211566687e-04
8.057460188865661621e-01 7.917669427115470171e-05 1.150539219452184625e-06
1.016396563500165939e-03 9.989882111549377441e-01 6.395180918161713635e-08
9.823899269104003906e-01 1.500259677413851023e-04 2.540074638091027737e-05
4.099130990198318614e-07 3.958468539622117532e-07 9.998576641082763672e-01
4.238406153822538158e-11 9.964147806167602539e-01 1.633662372046984501e-10
1.991470703621711635e-11 9.999698400497436523e-01 9.605787980359117850e-14
4.504748130074176515e-09 9.999945163726806641e-01 1.048065592645919253e-10
2.677102088928222656e-01 4.174484405666589737e-03 1.594546018168330193e-03
1.649125465519318823e-06 6.175398681307342486e-08 9.996967315673828125e-01
1.547840540297329426e-03 9.982826709747314453e-01 9.882065654664984322e-08
1.440735331925679930e-06 5.497969368661870249e-07 9.994539618492126465e-01
6.396641135215759277e-01 6.407778710126876831e-02 8.372157367375621106e-07
4.147831855760841790e-09 9.999958276748657227e-01 9.561511304934100508e-11
9.819850674830377102e-07 5.627174459732486866e-08 9.998309612274169922e-01
1.103602789953583851e-05 7.915004971437156200e-07 9.929555654525756836e-01
3.211625687615793368e-10 9.970267415046691895e-01 5.043579269503606355e-12
2.825847566127777100e-01 4.089588299393653870e-03 2.417123410850763321e-03
2.605172991752624512e-01 1.565355807542800903e-03 1.084553441614843905e-04
1.414124199072830379e-05 1.609603613615036011e-01 8.671569844409532379e-07
2.527019381523132324e-01 3.332140156999230385e-03 3.067120269406586885e-04
6.304609723173371094e-09 9.999946355819702148e-01 1.406924993174740735e-10
3.844842160358267471e-16 1.000000000000000000e+00 1.373447483758173508e-18
5.264114588499069214e-03 9.993970394134521484e-01 1.618807118575205095e-06
2.401034086942672729e-01 2.752162283286452293e-03 2.061925188172608614e-04
2.157269136660033837e-06 6.976959809890104225e-08 9.996077418327331543e-01
1.503957223515650643e-12 9.999146461486816406e-01 6.900829734035607288e-13
2.658922076225280762e-01 3.745160764083266258e-03 1.165414461866021156e-03
6.417280928872060031e-06 6.338384537230012938e-07 9.952015876770019531e-01
8.072370290756225586e-01 1.714353675197344273e-05 7.980826808307028841e-07
2.532480721129104495e-06 2.541856467723846436e-01 2.110685500156250782e-06
6.773021254957711790e-07 1.291531788183419849e-07 9.996768236160278320e-01
5.995381343382177874e-06 2.854785634553991258e-06 9.873318076133728027e-01
2.157126367092132568e-01 1.838717842474579811e-03 6.146909203380346298e-03
9.802701473236083984e-01 2.464959397912025452e-04 2.194838270952459425e-05
1.174043063656426966e-06 5.055151177657535300e-07 9.995473027229309082e-01
5.859437806066125631e-07 4.504939283833664376e-07 9.998188614845275879e-01
5.671064257621765137e-01 1.218927726149559021e-01 2.548961901993607171e-06
2.070986759861170867e-08 4.830361831409391016e-06 9.863443374633789062e-01
2.365024142599097855e-19 1.000000000000000000e+00 8.930246029025549543e-18
9.895884990692138672e-01 6.915224366821348667e-04 2.253833008580841124e-05
1.640011788595074904e-07 9.004662036895751953e-01 4.078969384480046756e-10
8.182821273803710938e-01 2.612515818327665329e-04 1.218402758240699768e-06
1.063559102476574481e-05 9.999970197677612305e-01 5.661011936997084604e-11
2.366220355033874512e-01 2.324567642062902451e-03 2.175944246118888259e-04
7.878806591033935547e-01 3.291803659521974623e-05 9.251954224964720197e-07
2.326440066099166870e-01 3.244845429435372353e-03 1.925118122017011046e-04
9.809041619300842285e-01 2.665175125002861023e-04 1.505896034359466285e-05
9.529425005894154310e-05 6.845968414381786715e-08 9.931829571723937988e-01
1.803668823185944348e-07 3.125945113424677402e-06 9.994992017745971680e-01
2.603995148092508316e-03 9.716975092887878418e-01 1.016755817317971378e-07
7.613058090209960938e-01 1.925893229781650007e-05 1.063075842466787435e-06
4.097276541870087385e-05 9.993077516555786133e-01 2.276685506785725011e-09
3.295906782150268555e-01 3.149641910567879677e-03 9.363291319459676743e-04
9.804598689079284668e-01 1.539857184980064631e-04 1.261812030861619860e-05
5.925152812835676741e-09 3.285913692252506735e-07 9.982185959815979004e-01
7.991296648979187012e-01 3.114379433100111783e-05 1.755057951413618866e-06
5.672312397564382991e-09 9.999960660934448242e-01 9.164505265779609999e-11
1.114026410505175591e-03 9.831488132476806641e-01 2.253633653026554384e-07
9.704252481460571289e-01 8.896453800844028592e-05 1.338708534603938460e-05
2.578576207160949707e-01 2.859002910554409027e-03 8.259162132162600756e-05
9.837770462036132812e-01 4.011440032627433538e-04 1.412784331478178501e-05
7.933892258449315449e-12 9.999954700469970703e-01 9.494325390170619411e-15
5.830235166176533923e-12 9.999998807907104492e-01 7.734073527009693860e-14
8.172886967658996582e-01 1.459406394133111462e-05 4.176783079401502619e-07
9.805768968362826854e-06 5.899325969949131832e-07 9.934390187263488770e-01
1.961642404069152690e-08 2.209751670534387813e-07 9.998070597648620605e-01
2.477153238089613296e-08 9.271741509437561035e-01 4.508263096170139761e-09
1.152945856119913515e-06 1.943016286531928927e-06 9.986662864685058594e-01
1.309294930251780897e-06 9.995940327644348145e-01 7.166061521957090008e-08
6.692830822885298403e-08 3.287886556790908799e-06 9.997444748878479004e-01
2.455730736983241513e-06 1.585165421147394227e-07 9.996981620788574219e-01
8.877868822310119867e-05 9.995619654655456543e-01 4.983375490041908051e-08
1.766332861734554172e-04 9.999874830245971680e-01 6.659325535451898759e-09
7.844479910090740304e-07 4.913601969747105613e-06 9.925239682197570801e-01
1.392510426967419335e-07 9.996227025985717773e-01 3.369568860045468739e-11
1.734780791240453368e-10 9.994760155677795410e-01 1.986155163946623503e-12
5.626804977509891614e-06 2.497018385838600807e-06 9.948929548263549805e-01
8.743473500771870022e-09 9.999989271163940430e-01 2.405091317075891411e-12
9.800395369529724121e-01 9.917098213918507099e-05 8.512548447470180690e-06
2.873447328965994529e-07 6.519287154560515773e-08 9.998776912689208984e-01
1.902836402223329060e-06 8.430558864347403869e-07 9.993127584457397461e-01
1.157814395469358715e-07 5.538523964787600562e-06 9.990026354789733887e-01
6.323049888123932760e-07 9.999995231628417969e-01 1.326241113458470622e-11
1.500274174759397283e-05 8.578654160373844206e-07 9.893905520439147949e-01
5.167854624232859351e-07 9.862068139909752063e-08 9.997853636741638184e-01
1.119722242037823889e-06 1.836984779401973356e-06 9.983333945274353027e-01
3.719588859141254034e-09 3.979301368417509366e-07 9.982973933219909668e-01
3.804083764553070068e-01 1.603754120878875256e-03 2.600167412310838699e-03
4.345158846615169036e-16 1.000000000000000000e+00 2.321414767114995960e-18
6.122330091784533579e-07 9.999992847442626953e-01 1.311292567585109481e-11
1.522671664133667946e-03 9.986246824264526367e-01 1.112022331994921842e-07
1.820225043047685176e-05 9.890798926353454590e-01 2.830275125376147116e-09
9.983851909637451172e-01 1.506337980572425295e-06 1.408590435403311858e-07
2.495473445940366020e-11 9.999620914459228516e-01 8.001922963216806517e-14
3.562413667168584652e-06 3.120817098078987328e-07 9.994159936904907227e-01
1.290862314817786682e-06 1.698727714938286226e-06 9.983193278312683105e-01
7.361853122711181641e-01 7.205102156149223447e-05 1.369987444377329666e-06
3.171248333377896245e-11 9.999560117721557617e-01 1.105946321393151688e-13
6.591478030060216042e-09 2.314364593303253059e-07 9.981750249862670898e-01
6.362192630767822266e-01 1.036008298397064209e-01 1.143817485171894077e-06
9.875077605247497559e-01 1.754731347318738699e-04 1.308198079641442746e-05
3.876037953887134790e-04 9.742135405540466309e-01 1.595277723254184821e-07
9.983590245246887207e-01 1.449434080313949380e-06 2.068344571171110147e-07
4.660591912397649139e-07 7.650248790014302358e-08 9.997417330741882324e-01
6.963962691014166650e-14 9.999995231628417969e-01 1.240504416853346892e-13
1.383711492053407710e-06 7.534933388342324179e-08 9.997599720954895020e-01
7.896390557289123535e-01 1.067664241418242455e-03 2.523071998439263552e-06
9.046681270774570294e-08 2.861163238776498474e-06 9.995176792144775391e-01
5.028376326432493215e-11 9.974092841148376465e-01 5.701114580425326039e-11
2.469429671764373779e-01 2.884334884583950043e-03 6.021204535500146449e-05
3.062356336158700287e-05 1.031611702728696400e-07 9.852620959281921387e-01
7.824047315807547420e-06 3.310054353278246708e-06 9.928485155105590820e-01
9.841698408126831055e-01 1.151173055404797196e-04 1.080401307262945920e-05
1.175316865555942059e-04 9.990305900573730469e-01 2.277041488696340821e-07
9.411430073669180274e-05 8.421247343903814908e-08 9.917008280754089355e-01
3.163983519627322494e-09 2.564168255503318505e-07 9.983457326889038086e-01
4.822532559956016485e-07 3.523698296703514643e-06 9.926061630249023438e-01
9.801524281501770020e-01 1.763041364029049873e-04 2.292064164066687226e-05
